dictionary { 
    type_id: explore_adventure_boss, 
    values: dictionary { 
        season: 1, 
        avatarAddress: [245 149 200 209 134 139 175 153 135 239 246 239 55 183 127 157 94 124 123 232], 
        costumes: [
            [108 243 103 32 14 138 70 70 137 174 232 236 111 75 231 255] 
            [215 115 202 115 63 154 226 73 149 130 221 129 136 28 117 68] 
            [75 18 130 152 3 190 141 75 170 3 4 66 182 241 80 138]
        ], 
        equipments: [
            [109 98 18 3 8 6 24 67 149 4 152 155 220 6 118 239] 
            [156 198 99 52 223 198 66 69 153 214 205 63 21 221 181 208] 
            [150 229 103 94 39 225 251 73 180 85 102 84 222 93 203 157] 
            [209 176 80 97 159 246 82 73 169 2 127 109 63 198 6 108] 
            [139 100 201 113 72 195 130 79 177 99 39 147 61 84 58 98] 
            [188 180 102 178 36 95 29 64 163 182 155 22 162 220 146 161] 
            [214 4 179 212 227 67 108 64 177 173 226 71 106 74 154 176]
        ], 
        foods: [], 
        id: [46 87 14 162 48 202 207 78 151 212 14 22 22 236 62 36], 
        r: [
            [0 10012] 
            [1 10011] 
            [3 10029] 
            [4 10003] 
            [6 10002] 
            [7 20001]
        ] 
    } 
}