dictionary { 
    type_id: hack_and_slash_sweep10, 
    values: dictionary { 
        actionPoint: 115, 
        apStoneCount: 0, 
        avatarAddress: [10 112 115 216 254 163 131 130 187 88 247 239 228 10 220 53 60 8 195 44], 
        costumes: [], 
        equipments: [
            [241 82 210 14 141 235 22 77 171 91 146 69 17 115 133 250] 
            [207 15 12 42 24 219 50 78 160 203 8 42 103 233 29 49] 
            [119 115 38 103 46 250 167 78 185 84 212 61 15 194 54 201] 
            [243 232 29 125 159 21 100 72 185 95 57 180 175 112 204 251] 
            [113 43 46 135 50 224 64 78 143 228 114 8 26 91 99 91] 
            [80 96 157 168 94 197 123 67 165 100 73 182 194 110 235 83] 
            [235 160 112 169 99 155 182 73 174 211 157 240 158 104 171 53]
        ], 
        id: [146 216 129 208 224 20 26 76 162 142 54 210 21 87 4 32], 
        worldId: 3, 
        runeInfos: [[0 30001]], 
        stageId: 139 
    } 
}